id_run,Agency1a,Allocentrism1a,Coalition1a,Ethos1a,Exchange1a,Intentionality1a,Logos1a,Might1a,Network1a,Pathos1a,SA1a,Team1a,Agency3a,Allocentrism3a,Coalition3a,Ethos3a,Exchange3a,Intentionality3a,Logos3a,Might3a,Network3a,Pathos3a,SA3a,Team3a,Agency3,Allocentrism3,Coalition3,Ethos3,Exchange3,Intentionality3,Logos3,Might3,Network3,Pathos3,SA3,Team3,Agency1,Allocentrism1,Coalition1,Ethos1,Exchange1,Intentionality1,Logos1,Might1,Network1,Pathos1,SA1,Team1
1,3.4,2.833333,2.166667,2.5,1.833333,2.666667,3.8,1.833333,3.166667,2.666667,3,2.4,3.35,3.236111,2.861111,2.723404,2.763889,3.166667,3.283333,2.611111,3.028169,2.777778,3.152778,2.733333,66,64,39,25,55,25,46,38,27,34,65,42,69,24,12,34,1,14,80,10,52,37,47,22
2,3.2,3.166667,2.833333,2.25,3,3.333333,3.6,2.833333,3.833333,2.666667,3.166667,2.2,3.133333,2.87037,2.666667,2.916667,2.574074,3.5,3.4,2.722222,3.166667,2.62963,3,2.333333,32,14,10,49,25,85,61,48,43,15,32,5,54,50,51,19,71,67,64,74,89,37,61,10
3,2.2,2.333333,2,1.5,2.5,2.166667,2.6,1.333333,3.166667,1.833333,2.666667,2,3.204082,3.186441,2.762712,2.641026,2.59322,3.237288,3.44898,2.542373,3.068965,2.779661,3.169492,2.55102,46,57,22,16,27,38,70,28,35,35,68,21,2,3,3,0,26,2,6,1,52,0,19,5
4,2.8,3,3.166667,3.25,2.666667,2.833333,3.2,3,3.166667,3,3.333333,2.6,3.033333,3.25,3.111111,2.958333,2.638889,3.25,3.266667,3.166667,3.388889,3.027778,3.083333,3.1,20,65,79,55,35,39,40,94,75,72,50,82,23,33,79,81,39,23,38,82,52,64,75,34
5,3,3,2.8,3,3,3.4,2.75,3,4,2.2,2.4,2.5,2.9,2.734043,3.010753,3.16129,2.571429,3.129032,2.721519,2.648936,3.595745,2.606383,2.763441,2.769231,10,4,65,75,24,22,3,40,93,13,8,45,37,33,51,68,71,76,14,82,95,12,10,33
6,2.6,2.666667,2.666667,2.75,2.666667,2.833333,2.6,2.5,2.333333,2.666667,2.666667,2.4,2.454545,2.848485,2.666667,2.636364,2.469697,2.787879,2.836364,2.515152,2.727273,2.666667,2.757576,2.381818,1,12,10,15,9,1,4,24,8,20,7,8,13,13,39,53,39,23,6,53,10,37,19,22
7,2.8,2.5,3.5,2,2.5,2.666667,3,2.833333,3.5,2.833333,2.666667,2.8,3.08,3.05,3.033333,3.225,2.866667,3.283333,2.98,2.932203,3.516667,3.233333,3.116667,2.94,28,36,67,82,72,45,12,77,87,93,58,65,23,7,90,10,26,14,23,74,72,51,19,47
8,2.8,3.666667,3.333333,3,3.166667,3.666667,3.2,3.166667,3.666667,3.166667,3.833333,3.2,2.933333,2.944444,2.833333,2.791667,2.527778,3.111111,2.866667,2.777778,3.277778,2.555556,2.916667,2.566667,13,22,34,29,18,20,5,55,56,7,18,22,23,90,85,68,80,85,38,89,81,73,97,75
9,2.8,3,2.833333,3,3,3.166667,3.6,2.833333,3.166667,3.333333,3.333333,3,3.175,3.5,3.244444,3.25,3.106383,3.234043,3.525,3.066667,3.425532,3.340425,3.479167,3.35,42,94,91,83,92,37,83,88,80,97,99,96,23,33,51,68,71,54,64,74,52,81,75,65
10,4,4,4,4,3.666667,4,4,2.666667,4,3.833333,3.833333,4,3.2,3.1,2.883333,2.897436,2.65,3.316667,3.16,2.633333,2.95,2.7,3.1,2.62,44,41,43,47,38,50,27,40,20,23,54,29,97,98,98,98,96,98,93,62,95,95,97,98
11,3.8,2.333333,2.333333,3.25,2.166667,3.833333,3.8,2.833333,2,3.166667,3.5,2.6,3.3,3,3.041667,3.34375,2.895833,3.625,3.589744,3.020833,2.708333,3.166667,3.208333,2.725,59,28,68,90,77,98,90,86,7,86,75,41,89,3,18,81,8,93,80,74,2,73,86,34
12,3.6,3,2.5,3.25,2.166667,3.833333,4,2.333333,2,3,3.333333,3.2,3.133333,3.194444,3.083333,3.083333,3.194444,3.166667,2.966667,2.916667,3.194444,3.027778,3.055556,3.1,32,58,73,68,95,25,11,73,48,72,45,82,81,33,29,81,8,93,93,39,2,64,75,75
13,3.4,2.666667,2.833333,2,2.666667,3.333333,3,2.833333,2.666667,2,3.166667,2.6,3.272727,2.954545,2.772727,2.909091,2.515152,3.454545,3.381818,2.9375,3.15625,2.69697,3.045455,2.351852,55,23,23,48,16,78,60,78,43,23,42,7,69,13,51,10,39,67,23,74,26,1,61,34
14,3,3.333333,3,2.5,3.166667,3.166667,3.6,1.833333,3.333333,3,3.166667,2.4,3.06,3.1,2.932203,2.675,2.65,3.033333,3.32,2.5,3.233333,3,3.05,2.916667,24,41,51,20,38,12,50,20,50,69,44,63,37,66,65,34,80,54,64,10,64,64,61,22
15,2.8,2.5,2.333333,2.25,2.333333,2.666667,3.4,1.833333,2.166667,2.666667,3,2.2,3.2,2.75,2.864407,3.25641,2.542373,3.266667,3.44898,2.932203,3.133333,2.633333,2.95,2.346939,44,5,40,84,20,43,70,77,40,15,24,6,23,7,18,19,14,14,50,10,5,37,47,10
16,2.4,2.833333,2.5,1.75,2.166667,2.5,2.6,1.5,2.833333,2.5,3,2.4,3.533333,3.37037,3,2.861111,2.777778,3.277778,3.288889,2.296296,3.407408,2.925926,3.222222,2.955555,91,82,61,42,59,45,47,5,77,56,77,67,5,24,29,3,8,6,6,3,33,23,47,22
17,3.8,3.333333,3.666667,2.75,3.666667,3.666667,3.6,3.666667,3.5,3.833333,3.666667,3.8,3.433333,3.5,3.277778,2.916667,3.333333,3.428571,3.2,3.085714,3.583333,2.972222,3.333333,3.2,77,94,93,49,98,75,31,89,91,63,93,90,89,66,93,53,96,85,64,95,72,95,92,97
18,2.4,1.833333,2.666667,2,2,2,3.8,1.833333,2.166667,2.833333,2.333333,2.4,3.159091,2.462963,2.396226,3.027778,2.115385,3.314815,3.466667,3.150943,2.686275,2.64151,2.648148,2.044445,38,0,1,61,0,50,74,94,6,18,3,0,5,0,39,10,3,0,80,10,5,51,2,22
19,3.2,3.333333,3.333333,3,3.333333,3.833333,3.6,2.666667,3.666667,2.833333,3.666667,3,3.35,3.057143,3.014706,3.020833,2.666667,3.323944,3.266667,2.884058,3.277778,2.680556,2.972222,2.783333,66,37,66,61,40,52,40,71,56,22,28,46,54,66,85,68,88,93,64,62,81,51,92,65
20,3.4,2.333333,2.333333,3.25,2.166667,3.5,3.8,2.5,3.166667,3,2.166667,2.6,3.457143,2.658537,2.736842,3.607143,2.238095,3.547619,3.542857,3.121951,2.625,2.857143,2.857143,2.411765,83,2,18,98,0,93,86,91,3,45,12,11,69,3,18,81,8,77,80,53,52,64,1,34
21,2.6,2.333333,2.333333,2.5,3.166667,3.333333,3.8,2,3.166667,2.666667,2.833333,2.8,3.285714,3.380952,2.904762,2.821429,2.976191,3.071429,3.542857,2.333333,3.238095,2.880952,3.119048,2.764706,56,84,46,34,85,15,86,7,51,50,60,45,13,3,18,34,80,67,80,18,52,37,30,47
22,,,,,,,,,,,,,2.5,2.916667,2.666667,2.875,2.833333,2.416667,3.1,2.666667,2,2.583333,2.727273,2.1,1,17,10,43,67,0,20,41,0,12,6,1,,,,,,,,,,,,
23,3.2,2.833333,2.166667,3,2,3.166667,3.8,2.333333,2.333333,2.666667,2.833333,3,3.571429,3.380952,2.904762,3.035714,2.833333,3.571429,3.514286,2.904762,3.285714,2.976191,3.261905,2.885714,93,84,46,62,67,95,81,72,60,65,83,57,54,24,12,68,3,54,80,39,10,37,30,65
24,2.4,2.666667,2.833333,3.25,3,2.666667,2.2,2.5,3,2.833333,2.5,2.8,3.24,2.933333,3.366667,3.578947,2.9,3.033333,3.36,3.166667,3.566667,3.366667,3.233333,3.36,49,20,97,98,77,12,55,94,90,98,79,97,5,13,51,81,71,14,1,53,42,51,11,47
25,2.8,3.333333,3.166667,3,2.833333,3,3,2.333333,3.166667,3.333333,3.333333,2.8,3.116667,3.169014,2.777778,2.833333,2.611111,3.25,3.474576,2.791667,2.805556,2.722222,3.013889,2.683333,31,54,24,36,29,39,75,57,12,26,35,35,23,66,79,68,56,38,23,39,52,81,75,47
26,3.8,2.666667,3,3,2.666667,3.333333,3.6,3.166667,3.5,3,3.333333,2.8,3.461539,3.141026,3,2.865385,2.858974,3.576923,3.507692,2.974359,3.282051,2.98718,3.24359,2.969231,86,50,61,42,71,95,79,82,59,68,81,69,89,13,65,68,39,67,64,89,72,64,75,47
27,3.6,3.166667,2.5,2.25,2.666667,2.833333,3.6,2.5,2.666667,3.333333,3.5,2.8,3.353846,2.884615,2.641026,2.673077,2.666667,3.346154,3.338462,3.038461,2.75641,2.961539,2.961539,2.6,68,15,8,20,40,57,53,88,9,61,27,25,81,50,29,19,39,23,64,53,26,81,86,47
28,2.8,2.333333,2.833333,3.25,2.333333,3.166667,3.2,2.333333,2.333333,2.833333,2.833333,2.2,3.288889,2.962963,2.925926,3.305556,2.888889,3.12963,3.133333,3.074074,3.37037,3.203704,3,2.911111,57,25,50,88,75,23,24,89,71,89,32,61,23,3,51,81,14,54,38,39,10,51,30,10
29,3.8,3.5,3,3.25,2.833333,3.333333,3.8,2.333333,2.5,3.5,3.666667,2.8,3.4,3.125,2.916667,2.90625,2.723404,3.520833,3.525,2.869565,2.916667,2.765957,3.270833,2.717949,74,46,48,47,51,88,83,68,17,33,83,40,89,80,65,81,56,67,80,39,17,86,92,47
30,3.8,3.5,3,3.25,3.666667,3.666667,3.8,2.2,3.833333,3.333333,3.6,2.4,3.3,3.288136,2.966667,3.075,3.15,3.366667,3.72,2.6,3.066667,2.966667,3.166667,3.02,59,71,58,67,93,63,98,37,34,61,65,75,89,80,65,81,96,85,80,38,89,81,92,22
31,4,3,3.5,2.5,3,3,3.8,2.666667,3.833333,3.166667,3.333333,2.6,2.983333,2.486111,2.763889,3.3125,2.652778,3.138889,3.183333,2.861111,3,2.694444,2.708333,2.4,16,0,22,88,39,23,30,67,23,22,5,9,97,33,90,34,71,38,80,62,89,73,75,34
32,3.2,3.333333,2.833333,2.5,3,2.5,3.8,2.666667,3.5,2.666667,3,2.4,3.333333,3.314815,3.092592,3.166667,3.037037,3.481482,3.6,3.185185,3.277778,3.203704,3.296296,3.066667,65,75,76,76,90,82,91,95,56,89,88,80,54,66,51,34,71,6,80,62,72,37,47,22
33,3.4,3.5,3,2,2.666667,3.166667,3.6,3.166667,1.666667,2.333333,2.5,3,3.387755,3.183333,2.766667,2.425,2.6,3.316667,3.26,2.8,2.983333,2.516667,3.116667,2.82,72,56,23,4,29,50,40,59,22,6,58,51,69,80,65,10,39,54,64,89,1,12,11,65
34,2.8,2.5,2.333333,1.75,1.666667,3.666667,3.4,2,2.5,2.5,2.5,2.8,3.24,3.05,2.883333,2.85,2.383333,3.433333,3.44,2.716667,3.25,2.95,3.05,2.94,49,36,43,40,4,75,69,48,52,59,44,65,23,7,18,3,0,85,50,18,17,23,11,47
35,3.4,3.5,3.333333,3,3.5,3.666667,3,2.833333,4,3.5,3.166667,3.4,3.15,2.916667,3.083333,3.40625,2.625,3.1875,2.975,2.9375,3.617021,2.875,2.8125,2.925,35,17,73,93,32,30,12,78,95,47,11,64,69,80,85,68,92,85,23,74,95,86,61,87
36,2,2.833333,2,2.25,1.666667,2.5,3.4,1.5,3,2.333333,2.5,2,3.022222,3.111111,3.056604,2.694444,2.814815,3.333333,3.577778,2.759259,2.851852,2.981482,3.166667,2.533333,19,43,69,24,65,53,88,53,13,66,65,18,0,24,3,19,0,6,50,3,42,12,11,5
37,4,3.833333,3.5,2.5,3.166667,3.666667,3.2,3,3,3,3.333333,3.6,3.36,3.20339,3.35,3.125,3.189655,3.083333,2.857143,2.881356,3.779661,3.216667,3.016949,3.612245,70,59,96,71,95,16,5,70,98,92,36,99,97,96,90,34,80,85,38,82,42,64,75,94
38,3.4,3.666667,3.666667,3.5,3.5,3.666667,4,3.666667,3.666667,3.666667,3.333333,3.4,3.457143,2.642857,3,3.428571,2.738095,3.380952,3.314286,3.261905,3.071429,2.928571,3,2.685714,83,1,61,94,53,67,49,97,35,56,32,36,69,90,93,92,92,85,93,95,81,92,75,87
39,2.8,3,3,2.25,2.833333,2.833333,2.4,1.833333,3.5,2.5,3,3.4,3.507692,3.5,3.337662,2.980392,2.987013,3.525641,3.484375,2.792208,3.782051,3.155844,3.434211,3.369231,90,94,95,59,86,90,77,58,98,86,97,97,23,33,65,19,56,23,2,10,72,23,47,87
40,3.8,3.666667,3.8,3.75,3.2,3.2,4,2.166667,3.8,3.166667,3.666667,2.6,3.2,3.1875,3.0625,3.1875,2.6875,3.125,3.25,2.604167,3.270833,3,3.020833,3,44,57,70,80,45,20,38,38,56,69,38,72,89,90,96,96,87,66,93,29,88,73,92,34
41,2.6,3.5,3.333333,2.5,3,2.5,3.4,2.333333,3.333333,2.166667,3.333333,2.8,2.969231,3.102564,2.692308,2.826923,2.448718,3,3.215385,2.474359,3.076923,2.435897,2.98718,2.34375,14,43,14,36,8,8,34,17,36,2,32,6,13,80,85,34,71,6,50,39,64,5,75,47
42,3.4,3.333333,3.666667,3.5,2.666667,3.833333,3.4,3.333333,3.833333,3.833333,3.666667,3.6,3.318182,3.351852,3.185185,3.194444,2.703704,3.351852,3.333333,3.203704,3.37037,3.148148,3.314815,2.955555,63,81,85,81,48,59,52,97,71,84,90,67,69,66,93,92,39,93,50,92,89,95,92,94
43,2.8,3,2,2.5,2.833333,2.833333,2.6,2.333333,2.5,2.5,2.5,2.6,3.216667,3.486111,3.097222,2.979167,3.208333,3.333333,3.366667,2.708333,3.28169,3.041667,3.277778,3.133333,47,93,77,58,96,53,57,45,59,74,85,85,23,33,3,34,56,23,6,39,17,23,11,34
44,3,3.666667,2.5,3,3.5,3.166667,3,2,3.166667,2.5,2.333333,2.8,3.085714,3.333333,2.809524,2.607143,2.761905,3.333333,3.2,2.5,3.047619,2.571429,2.952381,2.714286,28,78,30,12,55,53,31,20,31,10,25,39,37,90,29,68,92,54,23,18,52,23,2,47
45,2.8,2,2.5,3.75,2.333333,3.5,4,2.666667,4,2.666667,3.166667,2.8,3.542857,2.642857,2.738095,3.607143,2.428571,3.476191,3.514286,3.285714,3.333333,2.714286,2.780488,2.657143,92,1,18,98,6,81,81,98,67,25,9,31,23,0,29,96,14,77,93,62,95,37,61,47
46,2.8,3.166667,2.333333,1.5,1.833333,3.333333,2.8,1.166667,1.333333,2.166667,1.833333,2.6,2.783333,3.111111,2.75,2.854167,2.638889,2.791667,2.916667,2.319444,3.028169,2.666667,2.722222,2.633333,5,43,19,41,35,2,8,6,27,20,6,30,23,50,18,0,1,67,14,0,0,5,0,34
47,3.2,3,3.166667,2.5,2.5,3.333333,3.8,3.666667,3.666667,2.833333,3.333333,2.8,3.040816,2.813559,2.933333,3.282051,2.45,3.5,3.54,2.95,3.15,2.966667,3.1,2.6,22,9,52,86,8,85,85,79,42,61,54,25,54,33,79,34,26,67,80,95,81,51,75,47
48,2.8,3.333333,2,2.75,2,3,3.2,1.5,3.666667,2.5,2.333333,3.2,3.435897,3.166667,3.191489,3.103448,3.021277,3.361702,3.282051,2.804348,3.326087,3.042553,3.170213,2.75,78,51,86,70,88,62,45,59,66,75,69,43,23,66,3,53,3,38,38,3,81,23,2,75
49,3.6,3,3,1.75,2.333333,3,2.8,2.666667,2,2.666667,3.5,2.2,3.514286,3.190476,2.880952,2.928571,2.571429,3.476191,3.514286,3,3.02439,2.976191,3.452381,2.6,90,58,42,52,24,81,81,85,26,65,97,25,81,33,65,3,14,38,14,62,2,37,86,10
50,3,3.5,2.333333,1.75,3.333333,2.5,3.6,2,2.6,3.666667,3.166667,3.2,2.542857,2.780488,2.5,2.5,2.452381,2.714286,2.942857,2.095238,2.452381,2.642857,2.785714,2.2,2,7,2,5,9,1,10,1,1,18,9,2,37,80,18,3,88,6,64,18,25,92,61,75
51,2.2,2.666667,2.333333,2.5,2.666667,2.833333,3.2,3,3.166667,2.833333,2.833333,2,3,2.861111,2.777778,3.125,2.361111,3,2.7,2.861111,3.194444,2.722222,2.527778,2.5,17,13,24,71,3,8,3,67,48,26,0,15,2,13,18,34,39,23,38,82,52,51,30,5
52,3.4,3.666667,2.833333,2.5,1.333333,3.166667,2.8,2.333333,3.5,2.666667,3.166667,2.4,,,,,,,,,,,,,,,,,,,,,,,,,69,90,51,34,0,54,14,39,72,37,61,22
53,3,3,2.333333,3,2.333333,3.5,3.4,3,1.833333,2.666667,3.166667,2,3.276923,3.179487,2.884615,2.711539,2.551282,3.525641,3.753846,3,2.705128,2.858974,3.294872,2.523077,56,54,44,25,21,90,99,85,6,45,88,16,37,33,18,68,14,77,50,82,2,37,61,5
54,3.2,3.666667,3.666667,2.5,3.333333,3.833333,3.4,2,3.833333,2.333333,3.5,3,3.175,3.3125,2.958333,2.6875,2.666667,3.1875,3.125,2.833333,3.1875,2.8125,3.104167,2.8,42,75,56,22,40,30,24,63,46,38,55,47,54,90,93,34,88,93,50,18,89,12,86,65
55,3.2,3,2,2.25,2.166667,2.666667,3.2,1.833333,2.5,2.666667,3,2.2,3.6,3.383333,3.084746,3.175,2.8,3.4,3.56,2.883333,3.216667,3.35,3.316667,2.836735,94,85,75,78,63,71,88,70,49,98,90,54,54,33,3,19,8,14,38,10,17,37,47,10
56,3.6,2.833333,3.333333,2.75,2.833333,3,2.4,2.833333,3.5,2.666667,2.833333,3.6,3.088889,2.962963,2.87037,2.916667,2.444444,3.296296,3.2,2.777778,3.037037,2.722222,2.981482,2.6,29,25,40,49,7,48,31,55,29,26,30,25,81,24,85,53,56,38,2,74,72,37,30,94
57,2,2.333333,2.333333,2.5,2.833333,2.333333,2.6,2.666667,2,2.333333,3,2.2,2.846154,2.958333,3.191489,2.6875,2.957447,3.125,3.075,2.770833,3.083333,2.75,3.1875,2.7,8,24,86,22,82,20,18,54,36,30,71,38,0,3,18,34,56,3,6,62,2,12,47,10
58,2.8,2.666667,2.666667,2.75,2.5,2.833333,2.4,2.5,3.333333,2.166667,2.5,3.2,3,2.875,2.680851,2.3125,2.8125,2.833333,2.625,2.333333,3.333333,2.375,2.604167,2.725,17,14,12,3,64,2,2,7,67,0,1,41,23,13,39,53,26,23,2,53,64,5,11,75
59,2.4,3,2.666667,2.5,2.833333,3.166667,3,2,2.833333,2.5,2.666667,2,2.866667,3.185185,2.944444,2.555556,2.611111,3.37037,3.4,2.722222,2.888889,2.555556,3.074074,2.622222,9,56,54,9,29,64,61,48,15,7,49,29,5,33,39,34,56,54,23,18,33,23,19,5
60,3.2,2.666667,3.333333,3.5,2.666667,3.333333,2.8,2.833333,3.666667,3.166667,2.833333,3.6,3,2.833333,3.229167,3.40625,2.5625,3.125,3.05,2.541667,3.354167,2.854167,2.875,2.9,17,10,89,93,22,20,15,27,70,45,13,59,54,13,85,92,39,67,14,74,81,73,30,94
61,3,4,2.666667,2.5,3.166667,3.666667,3.4,2.333333,3,2.666667,3.166667,3,3.066667,3.347222,2.830986,2.8125,2.666667,3.25,3.283333,2.361111,3,2.861111,2.944444,2.883333,25,80,33,32,40,39,46,10,23,46,22,57,37,98,39,34,80,85,50,39,42,37,61,65
62,3,2.166667,1.666667,2.75,1.5,2.5,4,2.333333,2.333333,2.166667,2.5,1.4,3.2,2.933333,3.050848,3.05,2.566667,3.233333,3.44,3.116667,2.783333,2.666667,3.116667,2.58,44,20,68,63,23,36,69,90,11,20,58,24,37,1,1,53,0,6,93,39,10,5,11,0
63,3.2,3.166667,3,2.5,3,3.166667,3.2,3.166667,3,3.166667,2.666667,3,3.15,2.666667,2.782609,2.8125,2.708333,3.125,3.05,2.875,3.041667,2.958333,3.083333,3.05,35,2,25,32,49,20,15,69,30,61,50,78,54,50,65,34,71,54,38,89,42,73,19,65
64,3.6,3.333333,3,2.25,2.666667,3.5,4,3,2.333333,3.5,3.333333,3.2,3.031915,3.078947,3,3.052632,3.00885,3.185841,3.159575,2.848214,3.464912,2.973451,3.017857,2.829787,20,39,61,65,87,30,27,66,85,64,37,53,81,66,65,19,39,77,93,82,10,86,75,75
65,3.4,2.833333,2.833333,3.25,3.166667,2.666667,3.2,2,3.166667,3,2.333333,3.2,3.418182,3.166667,3.136364,3.5,2.907692,3.181818,3.472727,2.984848,3.590909,3.242424,3.106061,2.981818,76,51,81,96,78,29,75,84,92,94,56,71,69,24,51,81,80,14,38,18,52,64,2,75
66,3.6,3.333333,2.333333,2.75,2.666667,2.833333,2.6,2.333333,2.166667,2.666667,3.166667,3.2,,,,,,,,,,,,,,,,,,,,,,,,,81,66,18,53,39,23,6,39,5,37,61,75
67,3.2,3.5,3.833333,2.75,3.5,3.4,3.2,2.5,3.666667,3.5,3.166667,3.2,3.6,3.547619,3.357143,3.142857,3.238095,3.5,3.428571,2.976191,3.380952,3.023809,3.452381,3,94,97,96,74,97,85,67,83,73,72,97,72,54,80,97,53,92,76,38,53,81,86,61,75
68,2.6,3,2.666667,2,2,2.5,2.6,2.333333,3,2.666667,3,2.8,2.2,2.833333,3,3.166667,2.722222,2.611111,2.533333,2.666667,3.166667,2.944444,2.888889,2.6,0,10,61,76,50,0,0,41,43,59,15,25,13,33,39,10,3,6,6,39,42,37,47,47
69,2.6,2.166667,2.166667,2.25,2.833333,3,3.2,3,2.833333,2.666667,2.166667,2.8,3,3.1,2.8,2.85,2.766667,3.533333,3.28,2.533333,3,2.966667,2.7,3.32,17,41,29,40,56,92,45,27,23,61,4,96,13,1,12,19,56,38,38,82,33,37,1,47
70,,,,,,,,,,,,,,,,,,,,,,,,,,,,,,,,,,,,,,,,,,,,,,,,
71,2.8,2.166667,2.5,3,2.333333,2.833333,3.4,2.5,2.166667,3,2.666667,2.2,3.05,3.041667,2.916667,3.125,2.354167,3.270833,3.275,2.729167,2.916667,2.729167,2.958333,2.575,23,35,48,71,2,44,42,50,17,27,26,23,23,1,29,68,14,23,50,53,5,64,19,10
72,3.6,3.166667,2.5,2.5,2.666667,3.833333,3.8,3,3.333333,3.166667,3.333333,3,3.454545,3,2.818182,2.772727,2.484848,3.484848,3.462963,2.590909,3.060606,3,3.166667,2.611111,82,28,32,27,11,84,74,34,32,69,65,28,81,50,29,34,39,93,80,82,64,73,75,65
73,2.8,3,2.5,2.5,2.333333,2.666667,3,2.833333,3.333333,2.666667,2.333333,3,2.914286,2.952381,2.714286,2.642857,2.595238,3.309524,3.228571,2.642857,2.833333,2.571429,3.047619,2.371428,11,23,16,17,28,49,35,40,12,10,43,8,23,33,29,34,14,14,23,74,64,37,2,65
74,3.4,3.333333,2.833333,2.25,2.166667,3.333333,3,2.333333,3.166667,3.166667,3.166667,3.2,3.488889,3.62963,3.240741,3.222222,2.888889,3.648148,3.6,3.092592,3.518518,3.203704,3.425926,3.177778,89,99,90,82,75,99,91,90,87,89,96,88,69,66,51,19,8,67,23,39,52,73,61,75
75,3.2,2.666667,2,2.25,2,2.833333,3,2.666667,2.166667,2.666667,3.166667,2.2,2.95,2.875,2.75,2.96875,2.375,3.25,3.375,3.020833,2.791667,2.708333,2.916667,2.175,14,14,19,57,3,39,59,86,11,24,18,2,54,13,3,19,3,23,23,62,5,37,61,10
76,3.8,2.833333,3.166667,3.25,2.666667,3.5,3.8,3.166667,2.5,3.166667,3.166667,3.2,3.145455,2.969697,2.727273,2.840909,2.287879,3.378788,3.272727,2.590909,2.861538,2.738461,3.015152,2.563636,35,26,17,38,1,66,42,34,14,29,36,21,89,24,79,81,39,77,80,89,17,73,61,75
77,3.6,2.833333,3.166667,3.5,2.666667,3.833333,3.6,2.833333,3.666667,2.5,2.666667,2.2,3.446154,2.641026,2.641026,3.384615,2.576923,3.358974,3.092308,3.166667,3.25641,2.846154,2.807692,2.753846,81,1,8,92,25,61,20,94,54,43,10,43,81,24,79,92,39,93,64,74,81,23,19,10
78,2.6,2.833333,2,2.5,2.666667,3,3,1.666667,2.833333,2,2.833333,2.6,3.317647,3.294118,2.95098,3.044118,2.872549,3.352941,3.341177,2.764706,3.294118,3.029412,3.27451,2.97647,63,72,55,63,73,60,54,54,61,73,85,70,13,24,3,34,39,38,23,6,33,1,30,34
79,3.6,3,3.166667,3,3.333333,3.166667,3.2,2.666667,3.333333,3,3.166667,2.8,3.577778,3.314815,3.111111,2.805556,2.962963,3.62963,3.422222,2.833333,3.351852,2.759259,3.444444,2.977778,93,75,79,31,84,98,65,63,69,31,97,71,81,33,79,68,88,54,38,62,64,64,61,47
80,3,3,3,2.5,3,3,2.8,1.833333,3.333333,2.333333,2.333333,2.4,2.742857,3.095238,2.976191,2.964286,2.785714,3.166667,3,2.560976,3.333333,2.829268,2.809524,2.685714,3,40,59,56,60,25,13,29,67,42,10,36,37,33,65,34,71,38,14,10,64,12,2,22
81,3.4,3.5,2.833333,1.75,2.833333,2.166667,2.4,1.833333,3,2.5,3.2,3.2,3.3,3.458333,3.0625,2.625,2.958333,3.229167,3.25,2.5,3.458333,3.0625,3.125,3.3,59,91,70,13,83,35,38,20,83,76,61,95,69,80,51,3,56,2,2,10,42,23,74,75
82,3.8,3,2.833333,2.25,3.833333,3.666667,3.6,1.333333,3.5,2.666667,3.166667,3.2,3.257143,3.166667,2.809524,2.892857,2.690476,3.380952,3.228571,2.714286,3.166667,2.880952,3.071429,2.657143,52,51,30,46,46,67,35,47,43,50,47,31,89,33,51,19,98,85,64,1,72,37,61,75
83,3.2,2.666667,2.5,2.75,2.333333,3.166667,3,4,2.833333,2.166667,2.833333,2.4,3.3,2.805556,2.805556,2.875,2.388889,3.4,3.333333,2.777778,3.027778,2.657143,2.972222,2.566667,59,9,30,43,4,71,52,55,27,19,28,22,54,13,29,53,14,54,23,98,33,5,30,22
84,2.4,3.166667,2.166667,2,3.166667,2,3,1.833333,3,3.833333,2.5,3,2.571429,3.095238,2.547619,1.892857,2.5,2.333333,2.371428,1.809524,2.976191,2.738095,2.642857,2.8,2,40,3,0,13,0,0,0,21,28,2,47,5,50,12,10,80,0,23,10,42,95,11,65
85,2.4,3.333333,2,2,2.166667,3.666667,3.4,1.833333,2.833333,3,2.833333,2.8,3.127273,3.257576,2.80303,3.090909,2.681818,3.439394,3.472727,2.5,3.30303,2.954545,3.060606,2.927273,31,68,29,69,44,76,75,20,63,60,46,64,5,66,3,10,8,85,50,10,33,64,30,47
86,3.2,3.166667,3,2.5,2.666667,2.833333,3.6,2.5,2.666667,3.166667,3,2.8,3.4,3.203704,2.851852,2.888889,2.596154,3.326923,3.590909,2.811321,3.222222,2.634615,3.018518,2.880952,74,59,36,45,29,53,90,61,50,16,37,56,54,50,65,34,39,23,64,53,26,73,47,47
87,3.6,3.166667,2.666667,2.5,2.666667,2.5,2.8,3.333333,2.666667,2.166667,2.5,2,3.55,3.291667,2.833333,2.25,2.5,3.25,3.45,2.208333,3.416667,2.666667,3.208333,3.05,92,72,34,2,13,39,71,2,78,20,75,78,81,50,39,34,39,6,14,92,26,5,11,5
88,2.6,3,2.833333,2,3.166667,2.833333,3,2.333333,3.5,2.833333,2.333333,3,3.272727,3.30303,2.787879,2.744186,2.863636,3.075758,3,2.30303,3.348485,2.984848,2.893939,3.309091,55,73,27,25,71,16,13,6,69,68,16,95,13,33,51,10,80,23,23,39,72,51,2,65
89,3.4,3,2.166667,2.5,2.5,3.333333,3.6,2.166667,2.666667,2.5,2.666667,2.6,2.8,2.895833,2.708333,2.5625,2.458333,3.125,3.15,2.416667,2.625,2.5625,2.875,2.35,6,16,15,10,9,20,26,13,3,9,13,7,69,33,12,34,26,67,64,29,26,23,19,34
90,3,3.166667,2.666667,2.75,2.333333,3.333333,3.8,2.5,2.666667,3.166667,3.166667,2,3.711111,3.415094,3.185185,3.166667,2.796296,3.555556,3.822222,2.622642,3.388889,3.277778,3.462963,3.022222,99,87,85,76,62,94,99,39,75,96,98,75,37,50,39,53,14,67,80,53,26,73,61,5
91,2.2,2.666667,2.333333,3,2.333333,2.666667,2.6,2.333333,3.166667,2.833333,2.5,2.4,3.06,2.8,2.9,3.1,2.816667,3,2.9,2.816667,3.033333,2.633333,2.7,2.72,24,9,45,69,66,8,7,61,28,15,4,40,2,13,18,68,14,14,6,39,52,51,11,22
92,3,3,3,3.25,2.5,3,2.8,3.666667,3,2.333333,2.666667,2.6,3.3,3,3.333333,3.375,2.729167,3.458333,3.525,3.125,3.520833,3.083333,3.270833,2.9,59,28,94,91,52,79,83,91,88,79,83,59,37,33,65,81,26,38,14,95,42,12,19,34
93,3.4,3.5,3.333333,2.75,3.5,3,2.4,2.666667,4,3.833333,3.5,3.6,3.142857,3.3,3.183333,3.05,3.033333,3.016667,2.94,2.483333,3.4,3.166667,2.95,3.04,34,72,85,63,89,11,9,19,76,86,24,77,69,80,85,53,92,38,2,62,95,95,86,94
94,3.2,3,2.833333,2.5,2.666667,3.333333,2.8,2,3,2.166667,2.833333,3.2,3.3,3.416667,3.027778,2.791667,3.222222,3.333333,3.2,2.25,3.583333,3.027778,3.2,3.266667,59,87,66,29,97,53,31,3,91,72,73,94,54,33,51,34,39,67,14,18,42,5,30,75
95,3,2.666667,2.833333,3.25,2.666667,3,3.6,3.5,3,2.5,2.666667,3.2,3.316667,2.986111,3.208333,2.9375,2.736111,3.375,3.116667,2.916667,3.361111,2.930556,2.944444,3.066667,63,27,88,53,52,65,22,73,71,57,22,80,37,13,51,81,39,38,64,95,42,23,19,75
96,2.8,2.666667,2.333333,2.25,2.333333,3.666667,3.6,2.666667,3.166667,2.333333,2.833333,2.2,3.325,3.375,2.854167,2.5,2.770833,3.666667,3.625,2.291667,3.041667,2.916667,3.270833,2.525,65,83,38,5,58,99,94,4,30,54,83,17,23,13,18,19,14,85,64,62,52,12,30,10
97,3,3.166667,2,2.25,2.166667,2.5,3.6,2.666667,1.666667,3,2.666667,2,3.46,3.216667,2.616667,2.775,2.533333,3.466667,3.66,2.65,2.666667,3.066667,3.183333,2.52,85,61,6,28,19,80,96,41,5,77,70,16,37,50,3,19,8,6,64,62,1,64,19,5
98,3.2,3,2.333333,2.5,2,2.833333,3.2,2.833333,2.833333,2.666667,2.833333,3.2,3.666667,3.416667,3.333333,2.75,3.111111,3.611111,3.433333,2.861111,3.055556,2.972222,3.361111,3.166667,97,87,94,26,93,97,68,67,32,63,94,88,54,33,18,34,3,23,38,74,33,37,30,75
